Address,Balance (BTC),Ins,Outs,Transactions
34xp4vRoCGJym3xR7yCVPFHoCNxv4Twseo,248598.0,1855,451,2306
bc1qgdjqv0av3q56jvd82tkdjpy7gdp9ut8tlqmgrpmv24sq90ecnvqqjwvw97,180010.0,217,167,384
3M219KR5vEneNb47ewrPfWyb5jQ2DjxRP6,141253.0,346,236,582
bc1ql49ydapnjafl5t2cp9zqpjwe6pdgmxy98859v2,140625.0,341,207,548
bc1qazcm763858nkj2dj986etajv6wquslv8uxwczt,94643.0,103,0,103
1FeexV6bAHb8ybZjqQMjJrcCrHGW9sb6uF,79957.0,571,0,571
bc1qjasf9z3h7w3jspkhtgatgpyvvzgpa2wwd2lr0eh5tx44reyn2k7sfc27a4,75354.0,65,60,125
bc1qd4ysezhmypwty5dnw7c8nqy5h5nxg0xqsvaefd0qn5kq32vwnwqqgv4rzr,70000.0,85,72,157
bc1qa5wkgaew2dkv56kfvj49j0av5nml45x9ek9hz6,69370.0,86,0,86
1Ay8vMC7R1UbyCCZRVULMV7iQpHSAbguJP,68333.0,1231,414,1645
3LYJfcfHPXYJreMsASk2jkn69LWEYKzexb,68200.0,98,54,152
bc1qcv8h9hp5w8c4qpze0a4tdxw6qjtvg8yps23k0g3aymxx7jlesv4q4t6f65,60473.0,62,22,84
1LdRcdxfbSnmCYYNdeYpUnztiYzVfBEQeC,53880.0,180,0,180
1AC4fMwgY8j9onSbXEWeH6Zan8QGMSdmtA,51830.0,128,0,128
bc1q4j7fcl8zx5yl56j00nkqez9zf3f6ggqchwzzcs5hjxwqhsgxvavq3qfgpr,45897.0,831,799,1630
bc1qs5vdqkusz4v7qac8ynx0vt9jrekwuupx2fl5udp9jql3sr03z3gsr2mf0f,44583.0,111,20,131
1LruNZjwamWJXThX2Y8C2d47QqhAkkc5os,44000.0,59,0,59
3LQUu4v9z6KNch71j7kbj8GPeAGUo1FW6a,37927.0,34,0,34
bc1q7ydrtdn8z62xhslqyqtyt38mm4e2c4h3mxjkug,36000.0,43,0,43
bc1qk4m9zv5tnxf2pddd565wugsjrkqkfn90aa0wypj2530f4f7tjwrqntpens,35277.0,75,3,78
12XqeqZRVkBDgmPLVY4ZC6Y4ruUUEug8Fx,32321.0,46,10,56
bc1qx9t2l3pyny2spqpqlye8svce70nppwtaxwdrp4,31643.0,4745,1,4746
3FHNBLobJnbCTFTVakh5TXmEneyf5PT61B,31275.0,32,0,32
12ib7dApVFvg82TXKycWBNpN8kFyiAN1dr,31000.0,173,4,177
12tkqA9xSoowkzoERHMWNKsTey55YEBqkv,28151.0,157,0,157
bc1qr4dl5wa7kl8yu792dceg9z5knl2gkn220lk7a9,25176.0,26388,25301,51689
17MWdxfjPYP2PYhdy885QtihfbW181r1rn,24495.0,23,0,23
38UmuUqPCrFmQo4khkomQwZ4VbY2nZMJ67,24067.0,311,224,535
19D5J8c59P2bAkWKvxSYw8scD3KUNWoZ1C,23969.0,27,0,27
15cHRgVrGKz7qp2JL2N5mkB2MCFGLcnHxv,23375.0,43,2,45
3JZq4atUahhuA9rLhXLMhhTo133J9rF97j,23243.0,5117,5115,10232
17rm2dvb439dZqyMe2d4D6AQJSgg6yeNRn,20008.0,78,1,79
1PeizMg76Cf96nUQrYg8xuoZWLQozU5zGW,19414.0,113,0,113
3HcEUguUZ4vyyMAPWDPUDjLqz882jXwMfV,19327.0,53809,48438,102247
3EMVdMehEq5SFipQ5UfbsfMsH223sSz9A9,19209.0,68,45,113
bc1qcpflj68s3ahy4xajez4d8v3vk28pvf7qte2jmlftvxzfke2u6mqsge3gvh,19095.0,124,123,247
bc1qchctnvmdva5z9vrpxkkxck64v7nmzdtyxsrq64,18932.0,487,484,971
bc1q32lyrhp9zpww22phqjwwmelta0c8a5q990ghs6,18621.0,107,36,143
bc1qcdqj2smprre85c78d942wx5tauw5n7uw92r7wr,18566.0,31942,29128,61070
bc1qjh0akslml59uuczddqu0y4p3vj64hg5mc94c40,18059.0,1218,162,1380
bc1qx2x5cqhymfcnjtg902ky6u5t5htmt7fvqztdsm028hkrvxcl4t2sjtpd9l,17703.0,3340,3318,6658
1GR9qNz7zgtaW5HwwVpEJWMnGWhsbsieCG,15746.0,75,1,76
39gUvGynQ7Re3i15G3J2gp9DEB9LnLFPMN,14502.0,292,264,556
1CNtkWbb4grh8xtb8mhoZ6armNE9PHgzA8,14432.0,102,6,108
bc1qk7fy6qumtdkjy765ujxqxe0my55ake0zefa2dmt6sjx2sr098d8qf26ufn,14252.0,129,18,147
1BZaYtmXka1y3Byi2yvXCDG92Tjz7ecwYj,14000.0,60,0,60
3FupZp77ySr7jwoLYEJ9mwzJpvoNBXsBnE,13440.0,1040,986,2026
1PJiGp2yDLvUgqeBsuZVCBADArNsk6XEiw,13000.0,43,19,62
1932eKraQ3Ad9MeNBHb14WFQbNrLaKeEpT,12900.0,41,3,44
bc1q5vwscmf85w2vlq0qvr33dgpvu5rlrd42cqw6qn,12668.0,251,250,501
bc1qtrxc0use4hlm7fl0j6t37z7qlwl5eppj8lywz6,12153.0,968,148,1116
1KVpuCfhftkzJ67ZUegaMuaYey7qni7pPj,12075.0,87,51,138
bc1qm34lsc65zpw79lxes69zkqmk6ee3ewf0j77s3h,11284.0,1670951,1670628,3341579
3FM9vDYsN2iuMPKWjAcqgyahdwdrUxhbJ3,10917.0,132,49,181
1F34duy2eeMz5mSrvFepVzy7Y1rBsnAyWC,10771.0,104,0,104
143gLvWYUojXaWZRrxquRKpVNTkhmr415B,10750.0,278,120,398
1Q8QR5k32hexiMQnRgkJ6fmmjn5fMWhdv9,10217.0,1592,0,1592
1f1miYFQWTzdLiCBxtHHnNiW7WAWPUccr,10009.0,82,0,82
1BAFWQhH9pNkz3mZDQ1tWrtKkSHVCkc3fV,10000.0,50,0,50
14YK4mzJGo5NKkNnmVJeuEAQftLt795Gec,10000.0,62,0,62
1Ki3WTEEqTLPNsN5cGTsMkL2sJ4m5mdCXT,10000.0,46,0,46
1KbrSKrT3GeEruTuuYYUSQ35JwKbrAWJYm,10000.0,71,0,71
1P1iThxBH542Gmk1kZNXyji4E4iwpvSbrt,10000.0,56,0,56
12tLs9c9RsALt4ockxa1hB4iTCTSmxj2me,10000.0,55,0,55
1ucXXZQSEf4zny2HRwAQKtVpkLPTUKRtt,10000.0,47,0,47
1CPaziTqeEixPoSFtJxu74uDGbpEAotZom,10000.0,44,0,44
1LnoZawVFFQihU8d8ntxLMpYheZUfyeVAK,10000.0,43,0,43
1JQULE6yHr9UaitLr4wahTwJN7DaMX7W1Z,10000.0,27,0,27
